2321529
2165456
1742172
4540053
3637318
2486410
3930313
1910747
4259630
2099712
3649909
3804744
4285008
2883205
3584254
2906734
2074367
3706229
4311004
3976657
9256479
2977058
2948072
4486054
4275548
3100240
7749582
4532670
7734744
2113799
4099969
2669723
7920052
9193705
7715103
3970156
2791270
4008634
4456115
2190166
3255030
4328186
2415577
7753592
2504458
2099601
2132136
3902125
7615774
6596364
2125311
2788148
2233338
7579787
1855672
3992509
1945685
4067472
1774750
2909870
7614500
9246464
4133789
3160309
2843684
4074963
2795169
2106662
7720875
1644900
4371430
3837869
3447447
2364673
3983396
2279972
4376876
2124075
2206856
1629819
2094433
3388043
1984695
1983481
4532106
2226429
3179701
9428293
7711569
2085620
3400231
3838899
1774384
4146614
4265275
4356056
4562935
3424325
2988304
2509815
2793495
7873807
1443537
1698640
1917289
2437312
7583066
7875152
3662601
3670208
4118538
7871810
4487081
4465501
3393912
2666196
4597913
3796401
4070727
3763968
3544143
1768244
2769748
2927161
2814860
4507155
2123394
1882714
4179913
2002724
2231487
2481823
4149813
1944390
7747607
9332890
3444034
2999410
4501370
2056570
1770393
4251144
2129165
3026506
3770439
4023962
2892201
2963159
4398044
1641577
2268443
2699494
3089624
2814533
3980874
4596742
2281406
2423022
3814639
4417672
2123045
2802426
3014705
4366367
7768694
3355925
3891332
2823428
3126707
2058221
3085013
2730930
2808440
3854065
4254777
3733131
2410509
7695742
2815834
2267677
1784675
4560804
1950731
3042490
3404251
2395406
2403003
2837789
2236044
3617480
2841315
3599486
3250847
3977966
2480495
4399382
2917067
3937543
2950826
3201208
